1 0.38778125 0.57640625 0.06932812499999999 0.0496875
1 0.572765625 0.482609375 0.051765625 0.043359375
1 0.662984375 0.4055625 0.057234375000000004 0.045515625
1 0.733765625 0.33825 0.06734375000000001 0.041265625
1 0.76425 0.255640625 0.044125 0.051890625
4 0.36910937499999996 0.7318125 0.039390625 0.028875
4 0.4130625 0.729453125 0.047421875 0.025578125
4 0.515265625 0.65475 0.037875 0.021625
4 0.56196875 0.617546875 0.032875 0.025687500000000002
0 0.549125 0.530640625 0.022890625 0.02728125
4 0.632578125 0.54834375 0.0300625 0.02703125
4 0.707921875 0.46281249999999996 0.026703125 0.024265625
4 0.67115625 0.48989062499999997 0.027359375000000002 0.019921875