1 0.3912130388314927 0.24831502812751138 0.13582828642679015 0.23410929547281006
1 0.6832009262557891 0.361577819448165 0.15336302101888138 0.2543611036699705
1 0.5603972212326327 0.5248620412536833 0.023539365871036694 0.031773372622555585
1 0.6514232276451728 0.5156924725421912 0.03636978981118632 0.037546209482989555
1 0.40900961881011755 0.530206268416823 0.025358033487709302 0.04246450575944281
0 0.34468115425721413 0.7398740959014197 0.08195226220163876 0.1724912938655237
0 0.7282418952618454 0.6957594428073935 0.06175632347702173 0.15926332708277524
0 0.7853794086213038 0.7968390034824537 0.16 0.1015804982587731
3 0.03562522265764161 0.6042753817305118 0.07125044531528323 0.23264934369140103
3 0.22567153544709656 0.4878998124832574 0.24115603847524045 0.5096865791588535
3 0.8445386533665835 0.548481114385213 0.24803705023156394 0.5210179480310743
3 0.654743498396865 0.5873613715510313 0.06438546490915568 0.09248057862309135
3 0.5639900249376558 0.5923707473881596 0.05031706448165301 0.07303509241896597