1 0.2379312865497076 0.47427083333333336 0.02338450292397661 0.03169956140350877
1 0.6150913742690058 0.4491118421052631 0.02768640350877193 0.03413377192982456
1 0.7597916666666666 0.43108552631578945 0.018607456140350875 0.029457236842105262
1 0.7798209064327486 0.43636513157894735 0.024444444444444442 0.0271765350877193
1 0.8197368421052632 0.43310855263157894 0.02369517543859649 0.0306469298245614
4 0.7589729532163744 0.5910361842105263 0.026600877192982455 0.023305921052631576
4 0.7759576023391813 0.5904276315789474 0.019089912280701754 0.02061951754385965
4 0.8141520467836257 0.5910526315789473 0.016907894736842104 0.026990131578947366
4 0.6097880116959065 0.630548245614035 0.01810672514619883 0.02106907894736842
4 0.22493055555555555 0.6236458333333333 0.016319444444444445 0.030471491228070174
4 0.2378581871345029 0.623623903508772 0.014250730994152047 0.02587719298245614
0 0.24838084795321638 0.5687883771929825 0.009722222222222222 0.02201754385964912
0 0.2165204678362573 0.5488541666666666 0.006663011695906433 0.01632675438596491
1 0.3408187134502924 0.5062390350877193 0.012503654970760234 0.015773026315789473