1 0.266484375 0.32803125 0.079859375 0.071671875
1 0.366859375 0.3563125 0.06778125 0.046296875
1 0.49243750000000003 0.346234375 0.053609375 0.048734375
1 0.5718593750000001 0.36393749999999997 0.053093749999999995 0.0435
1 0.8851718749999999 0.3135 0.073484375 0.073875
1 0.201578125 0.362109375 0.04690625 0.030484375
1 0.020999999999999998 0.384484375 0.035765625 0.034578125
4 0.2816875 0.652953125 0.069640625 0.10904687500000002
4 0.49148437500000003 0.57940625 0.06734375000000001 0.0900625
4 0.61446875 0.5685156250000001 0.053921874999999994 0.074515625
4 0.8672968750000001 0.615734375 0.105171875 0.11271875
4 0.965625 0.612828125 0.06875 0.112234375