3 0.3142909090909091 0.4748633879781421 0.13494545454545454 0.28409836065573774
3 0.5756 0.4514207650273224 0.11541818181818181 0.2306010928961749
1 0.5152 0.28267759562841527 0.05629090909090909 0.061912568306010926
3 0.7546181818181819 0.4446448087431694 0.14061818181818184 0.30311475409836064
3 0.9743636363636363 0.42775956284153005 0.051236363636363635 0.20306010928961746
1 0.7458545454545455 0.24136612021857926 0.06141818181818182 0.09196721311475409
4 0.21058181818181818 0.8728415300546447 0.07738181818181819 0.06994535519125683
4 0.38756363636363633 0.8861748633879781 0.08505454545454545 0.0833879781420765
4 0.5147636363636364 0.8606010928961749 0.07629090909090909 0.09836065573770492
4 0.5946181818181818 0.8668852459016393 0.07625454545454545 0.09775956284153006
4 0.7806545454545455 0.8674863387978142 0.06050909090909091 0.13868852459016393