1 0.48794012511170687 0.4672730318257956 0.02854781054512958 0.029973199329983248
1 0.5506233243967829 0.4637386934673367 0.02488159070598749 0.03282747068676717
1 0.4160790884718498 0.6228040201005025 0.03039767649687221 0.0284891122278057
3 0.41695040214477214 0.6831323283082077 0.04978552278820375 0.08630485762144054
3 0.48153485254691686 0.5065661641541038 0.03779043789097408 0.06721943048576215
3 0.5520509383378016 0.4978056951423786 0.04427837354781054 0.0629246231155779
0 0.5483355674709562 0.5268375209380234 0.0146313672922252 0.019031825795644892
0 0.535109472743521 0.5178760469011725 0.007687667560321715 0.014301507537688442
0 0.4954423592493297 0.5156984924623115 0.010585344057193923 0.018549413735343384
0 0.4541443252904379 0.532750418760469 0.01161751563896336 0.01703182579564489
4 0.5420956210902592 0.5760670016750419 0.020031277926720284 0.02056281407035176