1 0.37207394894894896 0.5690925 0.10037912912912914 0.10318250000000001
1 0.4196771771771772 0.242735 0.07358671171171172 0.06297
1 0.507561936936937 0.2521525 0.046653528528528526 0.0518075
1 0.37772147147147145 0.256485 0.03441066066066066 0.0402675
1 0.5440803303303303 0.2724075 0.0427271021021021 0.059527500000000004
1 0.5606925675675676 0.25446 0.025060060060060063 0.038832500000000006
1 0.6030799549549549 0.2487125 0.07684309309309309 0.07196250000000001
1 0.6472165915915916 0.209785 0.05589527027027027 0.04388
1 0.6884253003003002 0.256125 0.07596283783783785 0.0922125
1 0.8501501501501502 0.25897250000000005 0.08332582582582582 0.1167525
1 0.37821509009009013 0.4535525 0.05702327327327327 0.087475
3 0.35781343843843844 0.775925 0.1866966966966967 0.211205
3 0.4289827327327327 0.668865 0.16673423423423422 0.1712775
3 0.413628003003003 0.51129 0.04961899399399399 0.08319750000000001
3 0.613033033033033 0.41952249999999996 0.10631756756756758 0.22627
3 0.679801051051051 0.4520425 0.09740240240240242 0.2788675
3 0.8724718468468468 0.4639275 0.15114114114114113 0.3010825